#### Event 31 #### Ndigits 453 ####
0 31 13 17 10
0 31 13 18 15
0 32 12 18 9
0 32 12 19 11
0 32 13 15 55
0 32 13 16 56
0 32 13 17 49
0 32 13 18 39
0 32 13 19 27
0 32 13 20 18
0 32 13 21 13
0 32 13 22 9
0 32 13 29 2
0 32 14 17 8
0 32 14 18 7
0 32 14 19 5
0 32 14 20 4
0 32 14 21 3
0 32 14 22 2
0 32 14 23 2
0 32 14 24 2
0 32 14 25 2
0 32 14 26 4
0 32 14 27 4
0 32 15 21 2
0 32 15 25 20
0 32 15 26 14
0 32 15 27 9
0 32 15 28 6
0 32 15 29 5
0 32 15 30 5
0 32 15 31 5
0 32 15 32 5
0 32 15 33 4
0 32 16 27 6
0 32 16 28 5
0 32 16 29 4
0 32 16 30 3
0 32 16 31 3
0 32 16 32 3
0 32 16 33 3
0 32 16 34 2
0 32 16 35 3
0 32 16 36 3
0 32 16 37 4
0 32 16 38 4
0 32 16 39 5
0 32 16 40 5
0 32 17 31 1
0 32 17 39 4
0 32 17 40 3
0 32 17 41 3
0 32 17 42 3
0 32 17 43 3
0 32 17 44 4
0 32 17 45 5
0 32 17 46 5
0 33 13 18 11
0 33 13 19 9
0 33 13 20 7
0 33 13 21 6
0 33 13 22 6
0 33 13 23 6
0 33 13 24 7
0 33 13 25 10
0 33 14 18 10
0 33 14 19 17
0 33 14 20 25
0 33 14 21 34
0 33 14 22 39
0 33 14 23 40
0 33 14 24 36
0 33 14 25 29
0 33 14 26 21
0 33 14 27 16
0 33 14 28 12
0 33 14 29 9
0 33 15 22 7
0 33 15 23 6
0 33 15 24 6
0 33 15 25 7
0 33 15 26 10
0 33 15 27 13
0 33 15 28 15
0 33 15 29 15
0 33 15 30 13
0 33 15 31 10
0 33 15 32 7
0 33 15 33 5
0 33 15 34 4
0 33 15 35 4
0 33 16 27 7
0 33 16 28 11
0 33 16 29 15
0 33 16 30 20
0 33 16 31 24
0 33 16 32 26
0 33 16 33 25
0 33 16 34 21
0 33 16 35 16
0 33 16 36 12
0 33 16 37 8
0 33 16 38 6
0 33 16 39 5
0 33 16 40 3
0 33 17 31 7
0 33 17 32 6
0 33 17 33 5
0 33 17 34 6
0 33 17 35 8
0 33 17 36 11
0 33 17 37 15
0 33 17 38 18
0 33 17 39 19
0 33 17 40 18
0 33 17 41 16
0 33 17 42 12
0 33 17 43 9
0 33 17 44 6
0 33 17 45 5
0 33 17 46 5
0 33 18 41 7
0 33 18 42 6
0 33 18 43 7
0 33 18 44 10
0 33 18 45 13
0 33 18 46 17
0 33 18 47 20
0 33 18 48 23
0 33 18 49 24
0 33 19 45 8
0 33 19 46 10
0 33 19 47 15
0 33 19 48 21
0 34 15 22 7
0 34 15 23 7
0 34 15 24 6
0 34 15 25 5
0 34 15 26 4
0 34 15 27 4
0 34 15 28 5
0 34 15 29 5
0 34 17 31 6
0 34 17 32 5
0 34 17 33 5
0 34 17 34 4
0 34 17 35 4
0 34 17 36 3
0 34 17 37 3
0 34 17 38 3
0 34 17 39 3
0 34 17 40 4
0 34 18 38 5
0 34 18 39 4
0 34 18 40 4
0 34 18 41 3
0 34 18 42 3
0 34 18 43 2
0 34 18 44 3
0 34 18 45 3
0 34 18 46 4
0 34 18 47 3
0 34 19 45 8
0 34 19 46 8
0 34 19 47 11
0 34 20 45 16
0 34 20 46 18
0 34 20 47 21
0 34 21 44 18
0 34 21 45 19
0 34 21 46 20
0 34 22 43 8
0 34 22 44 11
0 35 22 43 22
0 35 22 44 31
0 35 23 42 24
0 35 23 43 33
0 35 24 41 7
0 35 24 42 11
0 35 25 40 17
0 36 23 42 9
0 36 23 43 10
0 36 24 40 20
0 36 24 41 23
0 36 24 42 27
0 36 25 39 21
0 36 25 40 22
0 36 25 41 24
0 36 26 38 8
0 36 26 39 12
0 37 25 39 18
0 37 26 38 28
0 37 26 39 39
0 37 27 37 31
0 37 27 38 39
0 37 28 36 11
0 37 28 37 13
0 37 29 35 21
0 38 27 36 7
0 38 27 37 8
0 38 27 38 9
0 38 28 35 28
0 38 28 36 29
0 38 28 37 33
0 38 29 33 26
0 38 29 34 32
0 38 29 35 39
0 38 30 32 9
0 38 30 33 9
0 38 30 34 11
0 39 28 35 7
0 39 28 36 9
0 39 29 34 23
0 39 30 32 34
0 39 30 33 59
0 39 31 31 48
0 39 31 32 55
0 39 32 31 15
0 39 32 32 19
0 39 33 30 27
0 40 31 31 12
0 40 31 32 11
0 40 31 33 13
0 40 32 30 48
0 40 32 31 45
0 40 32 32 44
0 40 33 29 41
0 40 33 30 57
0 41 32 30 25
1 32 44 46 8
1 32 44 47 9
1 33 41 42 15
1 33 42 44 7
1 33 42 45 6
1 33 42 46 7
1 33 43 45 19
1 33 43 46 21
1 33 43 47 22
1 33 44 45 12
1 33 44 46 15
1 33 44 47 16
1 33 44 48 14
1 33 45 44 25
1 33 45 45 24
1 33 45 46 23
1 33 45 47 22
1 33 46 41 7
1 33 46 42 6
1 33 46 43 6
1 33 46 44 6
1 33 46 45 6
1 33 47 14 1
1 33 47 37 5
1 33 47 38 5
1 33 47 39 5
1 33 47 40 4
1 33 47 41 4
1 33 47 42 5
1 34 36 34 15
1 34 39 38 22
1 34 39 39 23
1 34 39 40 26
1 34 40 39 14
1 34 40 40 16
1 34 40 41 17
1 34 40 42 16
1 34 41 41 18
1 34 41 42 21
1 34 41 43 24
1 34 42 43 18
1 34 42 44 20
1 34 42 45 22
1 34 45 41 4
1 34 45 42 4
1 34 45 43 4
1 34 45 44 4
1 34 45 45 4
1 34 45 46 5
1 34 45 47 5
1 34 46 37 9
1 34 46 38 10
1 34 46 39 14
1 34 46 40 16
1 34 46 41 17
1 34 46 42 16
1 34 46 43 13
1 34 46 44 10
1 34 46 45 7
1 34 46 46 6
1 34 47 33 8
1 34 47 34 11
1 34 47 35 13
1 34 47 36 16
1 34 47 37 17
1 34 47 38 16
1 34 47 39 14
1 34 47 40 10
1 34 47 41 7
1 34 47 42 8
1 34 48 30 5
1 34 48 31 4
1 34 48 32 4
1 34 48 33 4
1 34 48 34 4
1 34 48 35 4
1 34 48 36 5
1 34 48 37 6
1 34 48 38 5
1 35 33 27 24
1 35 34 27 6
1 35 34 28 6
1 35 34 29 7
1 35 34 30 7
1 35 34 31 6
1 35 35 30 18
1 35 35 31 27
1 35 35 32 41
1 35 36 31 11
1 35 36 32 13
1 35 36 33 14
1 35 36 34 13
1 35 36 35 11
1 35 37 33 28
1 35 37 34 25
1 35 37 35 20
1 35 37 36 14
1 35 38 35 19
1 35 38 36 22
1 35 38 37 23
1 35 38 38 21
1 35 39 37 8
1 35 39 38 7
1 35 39 39 9
1 35 47 32 6
1 35 47 33 6
1 35 47 34 7
1 35 47 35 8
1 35 47 36 7
1 35 47 37 7
1 35 47 38 6
1 35 48 30 10
1 35 48 31 13
1 35 48 32 16
1 35 48 33 17
1 35 48 34 16
1 35 48 35 12
1 35 48 39 1
1 35 49 26 11
1 35 49 27 11
1 35 49 28 12
1 35 49 29 11
1 35 49 30 9
1 35 49 31 9
1 35 49 32 8
1 35 49 33 8
1 36 31 24 33
1 36 31 25 43
1 36 32 25 8
1 36 32 26 9
1 36 32 27 10
1 36 33 26 35
1 36 33 27 40
1 36 33 28 36
1 36 33 29 29
1 36 34 27 24
1 36 34 28 31
1 36 34 29 36
1 36 34 30 33
1 36 35 29 7
1 36 35 30 7
1 36 35 31 8
1 36 35 32 7
1 36 36 32 23
1 36 36 33 29
1 36 38 35 7
1 36 38 36 6
1 36 38 37 7
1 36 47 30 6
1 36 47 31 6
1 36 47 32 5
1 36 47 33 4
1 36 47 34 3
1 36 48 25 8
1 36 48 26 8
1 36 48 27 9
1 36 48 28 11
1 36 48 29 13
1 36 48 30 15
1 36 48 31 14
1 36 48 32 12
1 36 48 33 9
1 36 48 34 6
1 36 49 21 14
1 36 49 22 18
1 36 49 23 22
1 36 49 24 25
1 36 49 25 25
1 36 49 26 23
1 36 49 27 17
1 36 49 28 11
1 36 49 29 7
1 36 49 30 5
1 36 49 31 4
1 36 50 18 10
1 36 50 19 8
1 36 50 20 7
1 36 50 21 5
1 36 50 22 3
1 36 50 23 3
1 36 50 24 4
1 36 50 25 5
1 36 50 26 5
1 36 50 33 2
1 37 31 24 14
1 37 31 25 23
1 37 32 24 44
1 37 32 25 38
1 37 32 26 34
1 37 33 25 9
1 37 33 26 8
1 37 33 27 6
1 37 33 28 5
1 37 33 29 5
1 37 34 28 8
1 37 34 29 13
1 37 48 25 6
1 37 48 26 5
1 37 48 27 4
1 37 48 28 4
1 37 48 29 4
1 37 48 30 5
1 37 49 22 9
1 37 49 23 9
1 37 49 24 9
1 37 49 25 9
1 37 49 26 9
1 37 50 20 19
1 37 50 21 27
1 37 50 22 37
1 37 50 23 43
1 37 50 24 46
1 37 50 25 43
1 37 51 17 39
1 37 51 18 42
1 37 51 19 38
1 37 51 20 29
1 37 51 21 20
1 37 51 22 12
1 38 51 20 13
1 38 51 21 10
1 38 51 22 10
1 38 52 19 9
1 38 52 20 12